function v = HELICS_BIG_NUMBER()
	v = 9223372036.854774;
end
